Markers =  
{
	Marker000 =  
	{
		destructibleBuildingPanelID = -1,
		loadingSlotTypeID = -1,
		name = "marker_trail",
		subtype = "",
		transform_m00 = 0.99996,
		transform_m01 = 0.00000,
		transform_m02 = -0.00885,
		transform_m10 = -0.00011,
		transform_m11 = -0.99992,
		transform_m12 = -0.01272,
		transform_m20 = -0.00884,
		transform_m21 = 0.01272,
		transform_m22 = -0.99988,
		transform_m30 = 0.00008,
		transform_m31 = 0.00421,
		transform_m32 = 0.00123,
		type = "",
	},
}
