Markers =  
{
	Marker000 =  
	{
		destructibleBuildingPanelID = -1,
		loadingSlotTypeID = -1,
		name = "metarig_spine03",
		subtype = "",
		transform_m00 = -1,
		transform_m01 = 0.00000,
		transform_m02 = 0.00000,
		transform_m10 = 0.00000,
		transform_m11 = 0.02121,
		transform_m12 = 0.99977,
		transform_m20 = 0.00000,
		transform_m21 = 0.99977,
		transform_m22 = -0.02121,
		transform_m30 = 0.00000,
		transform_m31 = 1.43462,
		transform_m32 = -0.01011,
		type = "",
	},
}
