Markers =  
{
	Marker000 =  
	{
		destructibleBuildingPanelID = -1,
		loadingSlotTypeID = -1,
		name = "marker_fuse",
		subtype = "",
		transform_m00 = -0.00000,
		transform_m01 = 1,
		transform_m02 = 0.00000,
		transform_m10 = 0.03850,
		transform_m11 = 0.00000,
		transform_m12 = -0.99926,
		transform_m20 = -0.99926,
		transform_m21 = 0.00000,
		transform_m22 = -0.03850,
		transform_m30 = 0.05385,
		transform_m31 = 0.00707,
		transform_m32 = -0.26617,
		type = "",
	},
}
